0.Color: Pink
"Razmer_Okna"
1.1000000000000001 14.3512
1.1100000000000001 14.3512
1.1200000000000001 14.3512
1.1300000000000001 14.3512
1.1400000000000001 14.3512
1.1500000000000001 14.3512
1.1600000000000001 14.3512
1.1700000000000002 14.3512
1.1800000000000002 14.3512
1.1900000000000002 14.3512
1.2000000000000002 14.3512
1.2100000000000002 14.3512
1.2200000000000002 14.3512
1.2300000000000002 14.3512
1.2400000000000002 14.3512
1.2500000000000002 14.3512
1.2600000000000002 14.3512
1.2700000000000002 14.3512
1.2800000000000002 14.3512
1.2900000000000003 14.3512
1.3000000000000003 14.3512
1.3100000000000003 14.3512
1.3200000000000003 14.3512
1.3300000000000003 14.3512
1.3400000000000003 14.3512
1.3500000000000003 14.3512
1.3600000000000003 14.3512
1.3700000000000003 14.3512
1.3800000000000003 14.3512
1.3900000000000003 14.3512
1.4000000000000004 14.3512
1.4100000000000004 14.3512
1.4200000000000004 14.3512
1.4300000000000004 14.3512
1.4400000000000004 14.3512
1.4500000000000004 14.3512
1.4600000000000004 14.3512
1.4700000000000004 14.3512
1.4800000000000004 14.3512
1.4900000000000004 14.3512
1.5000000000000004 14.3512
1.5100000000000005 14.3512
1.5200000000000005 14.3512
1.5300000000000005 14.3512
1.5400000000000005 14.3512
1.5500000000000005 14.3512
1.5600000000000005 14.3512
1.5700000000000005 14.3512
1.5800000000000005 14.3512
1.5900000000000005 14.3512
1.6000000000000005 14.3512
1.6100000000000005 14.3512
1.6200000000000006 14.3512
1.6300000000000006 14.3512
1.6400000000000006 14.3512
1.6500000000000006 14.3512
1.6600000000000006 14.3512
1.6700000000000006 14.3512
1.6800000000000006 14.3512
1.6900000000000006 14.3512
1.7000000000000006 14.3512
1.7100000000000006 14.3512
1.7200000000000006 14.3512
1.7300000000000006 14.3512
1.7400000000000007 14.3512
1.7500000000000007 14.3512
1.7600000000000007 14.3512
1.7700000000000007 14.3512
1.7800000000000007 14.3512
1.7900000000000007 14.3512
1.8000000000000007 14.3512
1.8100000000000007 14.3512
1.8200000000000007 14.3512
1.8300000000000007 14.3512
1.8400000000000007 14.3512
1.8500000000000008 14.3512
1.8600000000000008 14.3512
1.8700000000000008 14.3512
1.8800000000000008 14.3512
1.8900000000000008 14.3512
1.9000000000000008 14.3512
1.9100000000000008 14.3512
1.9200000000000008 14.3512
1.9300000000000008 14.3512
1.9400000000000008 14.3512
1.9500000000000008 14.3512
1.9600000000000009 14.3512
1.9700000000000009 14.3512
1.9800000000000009 14.3512
1.9900000000000009 14.3512
2.0000000000000009 14.3512
2.0100000000000007 14.3512
2.0200000000000005 14.3512
2.0300000000000002 14.3512
2.04 14.3512
2.0499999999999998 14.3512
2.0599999999999996 14.3512
2.0699999999999994 14.3512
2.0799999999999992 14.3512
2.089999999999999 14.3512
2.0999999999999988 14.3512
2.1099999999999985 14.3512
2.1199999999999983 14.3512
2.1299999999999981 14.3512
2.1399999999999979 14.3512
2.1499999999999977 14.3512
2.1599999999999975 14.3512
2.1699999999999973 14.3512
2.1799999999999971 14.3512
2.1899999999999968 14.3512
2.1999999999999966 14.3512
2.2099999999999964 14.3512
2.2199999999999962 14.3512
2.229999999999996 14.3512
2.2399999999999958 14.3512
2.2499999999999956 14.3512
2.2599999999999953 14.3512
2.2699999999999951 14.3512
2.2799999999999949 14.3512
2.2899999999999947 14.3512
2.2999999999999945 14.3512
2.3099999999999943 14.3512
2.3199999999999941 14.3512
2.3299999999999939 14.3512
2.3399999999999936 14.3512
2.3499999999999934 14.3512
2.3599999999999932 14.3512
2.369999999999993 14.3512
2.3799999999999928 14.3512
2.3899999999999926 14.3512
2.3999999999999924 14.3512
2.4099999999999921 14.3512
2.4199999999999919 14.3512
2.4299999999999917 14.3512
2.4399999999999915 14.3512
2.4499999999999913 14.3512
2.4599999999999911 14.3512
2.4699999999999909 14.3512
2.4799999999999907 14.3512
2.4899999999999904 14.3512
2.4999999999999902 14.3512
2.50999999999999 14.3512
2.5199999999999898 14.3512
2.5299999999999896 14.3512
2.5399999999999894 14.3512
2.5499999999999892 14.3512
2.559999999999989 14.3512
2.5699999999999887 14.3512
2.5799999999999885 14.3512
2.5899999999999883 14.3512
2.5999999999999881 14.3512
2.6099999999999879 14.3512
2.6199999999999877 14.3512
2.6299999999999875 14.3512
2.6399999999999872 14.3512
2.649999999999987 14.3512
2.6599999999999868 14.3512
2.6699999999999866 14.3512
2.6799999999999864 14.3512
2.6899999999999862 14.3512
2.699999999999986 14.3512
2.7099999999999858 14.3512
2.7199999999999855 14.3512
2.7299999999999853 14.3512
2.7399999999999851 14.3512
2.7499999999999849 14.3512
2.7599999999999847 14.3512
2.7699999999999845 14.3512
2.7799999999999843 14.3512
2.789999999999984 14.3512
2.7999999999999838 14.3512
2.8099999999999836 14.3512
2.8199999999999834 14.3512
2.8299999999999832 14.3512
2.839999999999983 14.3512
2.8499999999999828 14.3512
2.8599999999999826 14.3512
2.8699999999999823 14.3512
2.8799999999999821 14.3512
2.8899999999999819 14.3512
2.8999999999999817 14.3512
2.9099999999999815 14.3512
2.9199999999999813 14.3512
2.9299999999999811 14.3512
2.9399999999999809 14.3512
2.9499999999999806 14.3512
2.9599999999999804 14.3512
2.9699999999999802 14.3512
2.97999999999998 14.3512
2.9899999999999798 14.3512
2.9999999999999796 14.3512
3.0099999999999794 14.3512
3.0199999999999791 14.3512
3.0299999999999789 14.3512
3.0399999999999787 14.3512
3.0499999999999785 14.3512
3.0599999999999783 14.3512
3.0699999999999781 14.3512
3.0799999999999779 14.3512
3.0899999999999777 14.3512
3.0999999999999774 14.3512
3.1099999999999772 14.3512
3.119999999999977 14.3512
3.1299999999999768 14.3512
3.1399999999999766 14.3512
3.1499999999999764 14.3512
3.1599999999999762 14.3512
3.1699999999999759 14.3512
3.1799999999999757 14.3512
3.1899999999999755 14.3512
3.1999999999999753 14.3512
3.2099999999999751 14.3512
3.2199999999999749 14.3512
3.2299999999999747 14.3512
3.2399999999999745 14.3512
3.2499999999999742 14.3512
3.259999999999974 14.3512
3.2699999999999738 14.3512
3.2799999999999736 14.3512
3.2899999999999734 13.3512
3.2999999999999732 13.3512
3.309999999999973 13.3512
3.3199999999999728 13.3512
3.3299999999999725 13.3512
3.3399999999999723 13.3512
3.3499999999999721 13.3512
3.3599999999999719 13.3512
3.3699999999999717 13.3512
3.3799999999999715 13.3512
3.3899999999999713 13.3512
3.399999999999971 13.3512
3.4099999999999708 12.3512
3.4199999999999706 12.3512
3.4299999999999704 12.3512
3.4399999999999702 12.3512
3.44999999999997 12.3512
3.4599999999999698 12.3512
3.4699999999999696 12.3512
3.4799999999999693 12.3512
3.4899999999999691 12.3512
3.4999999999999689 12.3512
3.5099999999999687 12.3512
3.5199999999999685 12.3512
3.5299999999999683 12.3512
3.5399999999999681 11.3512
3.5499999999999678 11.3512
3.5599999999999676 11.3512
3.5699999999999674 11.3512
3.5799999999999672 11.3512
3.589999999999967 11.3512
3.5999999999999668 11.3512
3.6099999999999666 11.3512
3.6199999999999664 11.3512
3.6299999999999661 11.3512
3.6399999999999659 10.3512
3.6499999999999657 10.3512
3.6599999999999655 10.3512
3.6699999999999653 10.3512
3.6799999999999651 10.3512
3.6899999999999649 10.3512
3.6999999999999647 10.3512
3.7099999999999644 10.3512
3.7199999999999642 10.3512
3.729999999999964 10.3512
3.7399999999999638 10.3512
3.7499999999999636 10.3512
3.7599999999999634 10.3512
3.7699999999999632 10.5445
3.7799999999999629 10.7377
3.7899999999999627 10.8343
3.7999999999999625 11.0275
3.8099999999999623 11.2207
3.8199999999999621 11.3173
3.8299999999999619 11.494
3.8399999999999617 11.6708
3.8499999999999615 11.8475
3.8599999999999612 11.9358
3.869999999999961 12.1126
3.8799999999999608 12.2893
3.8899999999999606 12.3706
3.8999999999999604 12.5334
3.9099999999999602 12.6961
3.91999999999996 12.8589
3.9299999999999597 12.9402
3.9399999999999595 13.103
3.9499999999999593 13.2657
3.9599999999999591 13.2657
3.9699999999999589 13.2657
3.9799999999999587 13.2657
3.9899999999999585 13.2657
3.9999999999999583 13.2657
4.009999999999958 13.2657
4.0199999999999578 13.2657
4.0299999999999576 13.2657
4.0399999999999574 13.2657
4.0499999999999572 13.2657
4.059999999999957 13.2657
4.0699999999999568 13.2657
4.0799999999999566 13.2657
4.0899999999999563 13.2657
4.0999999999999561 13.2657
4.1099999999999559 13.2657
4.1199999999999557 13.2657
4.1299999999999555 12.2657
4.1399999999999553 12.2657
4.1499999999999551 12.2657
4.1599999999999548 12.2657
4.1699999999999546 12.2657
4.1799999999999544 12.2657
4.1899999999999542 12.2657
4.199999999999954 12.2657
4.2099999999999538 12.2657
4.2199999999999536 12.2657
4.2299999999999534 12.2657
4.2399999999999531 11
4.2499999999999529 13
4.2599999999999527 15
4.2699999999999525 17
4.2799999999999523 18
4.2899999999999521 20
4.2999999999999519 20
4.3099999999999516 20
4.3199999999999514 9
4.3299999999999512 9.22222
4.339999999999951 9.33333
4.3499999999999508 9.33333
4.3599999999999506 9.33333
4.3699999999999504 9.33333
4.3799999999999502 9.33333
4.3899999999999499 9.33333
4.3999999999999497 9.33333
4.4099999999999495 9.33333
4.4199999999999493 9.33333
4.4299999999999491 9.33333
4.4399999999999489 9.33333
4.4499999999999487 9.33333
4.4599999999999485 9.33333
4.4699999999999482 9.33333
4.479999999999948 9.33333
4.4899999999999478 9.33333
4.4999999999999476 9.33333
4.5099999999999474 9.33333
4.5199999999999472 9.33333
4.529999999999947 9.33333
4.5399999999999467 9.33333
4.5499999999999465 9.33333
4.5599999999999463 9.33333
4.5699999999999461 9.33333
4.5799999999999459 9.33333
4.5899999999999457 9.33333
4.5999999999999455 9.33333
4.6099999999999453 9.33333
4.619999999999945 9.33333
4.6299999999999448 9.33333
4.6399999999999446 9.33333
4.6499999999999444 9.33333
4.6599999999999442 9.33333
4.669999999999944 9.33333
4.6799999999999438 9.33333
4.6899999999999435 9.33333
4.6999999999999433 9.33333
4.7099999999999431 9.33333
4.7199999999999429 9.33333
4.7299999999999427 9.33333
4.7399999999999425 9.33333
4.7499999999999423 9.33333
4.7599999999999421 9.33333
4.7699999999999418 10
4.7799999999999416 12
4.7899999999999414 14
4.7999999999999412 15
4.809999999999941 15
4.8199999999999408 15
4.8299999999999406 15
4.8399999999999403 15
4.8499999999999401 7.14286
4.8599999999999399 7.42857
4.8699999999999397 7.71429
4.8799999999999395 7.85714
4.8899999999999393 8
4.8999999999999391 8
4.9099999999999389 8
4.9199999999999386 8
4.9299999999999384 8
4.9399999999999382 8
4.949999999999938 8
4.9599999999999378 8
4.9699999999999376 8
4.9799999999999374 8
4.9899999999999372 8
4.9999999999999369 8
5.0099999999999367 8
5.0199999999999365 8
5.0299999999999363 8
5.0399999999999361 8
5.0499999999999359 8
5.0599999999999357 8
5.0699999999999354 8
5.0799999999999352 8
5.089999999999935 8
5.0999999999999348 8
5.1099999999999346 8
5.1199999999999344 8
5.1299999999999342 8
5.139999999999934 8
5.1499999999999337 8
5.1599999999999335 8
5.1699999999999333 8
5.1799999999999331 8
5.1899999999999329 8
5.1999999999999327 8
5.2099999999999325 8
5.2199999999999322 8
5.229999999999932 8
5.2399999999999318 8
5.2499999999999316 8
5.2599999999999314 8
5.2699999999999312 8
5.279999999999931 8
5.2899999999999308 8
5.2999999999999305 8
5.3099999999999303 8
5.3199999999999301 8
5.3299999999999299 8
5.3399999999999297 8
5.3499999999999295 8
5.3599999999999293 8
5.3699999999999291 8
5.3799999999999288 8
5.3899999999999286 8
5.3999999999999284 8
5.4099999999999282 8
5.419999999999928 8
5.4299999999999278 8
5.4399999999999276 8
5.4499999999999273 8
5.4599999999999271 8
5.4699999999999269 8
5.4799999999999267 8
5.4899999999999265 8
5.4999999999999263 8
5.5099999999999261 8
5.5199999999999259 8
5.5299999999999256 8
5.5399999999999254 8
5.5499999999999252 8
5.559999999999925 8
5.5699999999999248 8
5.5799999999999246 8
5.5899999999999244 8
5.5999999999999241 8
5.6099999999999239 8
5.6199999999999237 8
5.6299999999999235 8
5.6399999999999233 8
5.6499999999999231 8
5.6599999999999229 8
5.6699999999999227 8
5.6799999999999224 8
5.6899999999999222 8
5.699999999999922 8
5.7099999999999218 8
5.7199999999999216 8
5.7299999999999214 8
5.7399999999999212 8
5.749999999999921 8
5.7599999999999207 8
5.7699999999999205 8
5.7799999999999203 8
5.7899999999999201 8
5.7999999999999199 8
5.8099999999999197 8
5.8199999999999195 8
5.8299999999999192 8
5.839999999999919 8
5.8499999999999188 8
5.8599999999999186 8
5.8699999999999184 8
5.8799999999999182 8
5.889999999999918 8
5.8999999999999178 8
5.9099999999999175 8
5.9199999999999173 8
5.9299999999999171 8
5.9399999999999169 8
5.9499999999999167 8
5.9599999999999165 8
5.9699999999999163 8
5.979999999999916 8
5.9899999999999158 8
5.9999999999999156 8
6.0099999999999154 8
6.0199999999999152 8
6.029999999999915 8
6.0399999999999148 8
6.0499999999999146 8
6.0599999999999143 8
6.0699999999999141 8
6.0799999999999139 8
6.0899999999999137 8
6.0999999999999135 8
6.1099999999999133 8
6.1199999999999131 8
6.1299999999999129 8
6.1399999999999126 8
6.1499999999999124 8
6.1599999999999122 8
6.169999999999912 8
6.1799999999999118 8
6.1899999999999116 8
6.1999999999999114 8
6.2099999999999111 8
6.2199999999999109 8
6.2299999999999107 8
6.2399999999999105 8
6.2499999999999103 8
6.2599999999999101 8
6.2699999999999099 8
6.2799999999999097 8
6.2899999999999094 8
6.2999999999999092 8
6.309999999999909 8
6.3199999999999088 8
6.3299999999999086 8
6.3399999999999084 8
6.3499999999999082 8
6.3599999999999079 8
6.3699999999999077 8
6.3799999999999075 8
6.3899999999999073 8
6.3999999999999071 8
6.4099999999999069 8
6.4199999999999067 8
6.4299999999999065 8
6.4399999999999062 8
6.449999999999906 8
6.4599999999999058 8
6.4699999999999056 8
6.4799999999999054 8
6.4899999999999052 8
6.499999999999905 8
6.5099999999999048 8
6.5199999999999045 8
6.5299999999999043 8
6.5399999999999041 8
6.5499999999999039 8
6.5599999999999037 8
6.5699999999999035 8
6.5799999999999033 8
6.589999999999903 8
6.5999999999999028 8
6.6099999999999026 8
6.6199999999999024 8
6.6299999999999022 8
6.639999999999902 8
6.6499999999999018 8
6.6599999999999016 8
6.6699999999999013 8
6.6799999999999011 8
6.6899999999999009 8
6.6999999999999007 8
6.7099999999999005 8
6.7199999999999003 8
6.7299999999999001 8
6.7399999999998998 8
6.7499999999998996 8
6.7599999999998994 8
6.7699999999998992 8
6.779999999999899 8
6.7899999999998988 8
6.7999999999998986 8
6.8099999999998984 8
6.8199999999998981 8
6.8299999999998979 8
6.8399999999998977 8
6.8499999999998975 8
6.8599999999998973 8
6.8699999999998971 8
6.8799999999998969 8
6.8899999999998967 8
6.8999999999998964 8
6.9099999999998962 8
6.919999999999896 8
6.9299999999998958 8
6.9399999999998956 8
6.9499999999998954 8
6.9599999999998952 8
6.9699999999998949 8
6.9799999999998947 8
6.9899999999998945 8
6.9999999999998943 8
7.0099999999998941 8
7.0199999999998939 8
7.0299999999998937 8
7.0399999999998935 8
7.0499999999998932 8
7.059999999999893 8
7.0699999999998928 8
7.0799999999998926 8
7.0899999999998924 8
7.0999999999998922 8
7.109999999999892 8
7.1199999999998917 8
7.1299999999998915 8
7.1399999999998913 8
7.1499999999998911 8
7.1599999999998909 8
7.1699999999998907 8
7.1799999999998905 8
7.1899999999998903 8
7.19999999999989 8
7.2099999999998898 8
7.2199999999998896 8
7.2299999999998894 8
7.2399999999998892 8
7.249999999999889 8
7.2599999999998888 8
7.2699999999998886 8
7.2799999999998883 8
7.2899999999998881 8
7.2999999999998879 8
7.3099999999998877 8
7.3199999999998875 8
7.3299999999998873 8
7.3399999999998871 8
7.3499999999998868 8
7.3599999999998866 8
7.3699999999998864 8
7.3799999999998862 8
7.389999999999886 8
7.3999999999998858 8
7.4099999999998856 8
7.4199999999998854 9
7.4299999999998851 10
7.4399999999998849 12
7.4499999999998847 13
7.4599999999998845 13
7.4699999999998843 13
7.4799999999998841 13
7.4899999999998839 13
7.4999999999998836 13
7.5099999999998834 6.16667
7.5199999999998832 6.5
7.529999999999883 6.83333
7.5399999999998828 7
7.5499999999998826 7
7.5599999999998824 7
7.5699999999998822 7
7.5799999999998819 7
7.5899999999998817 7
7.5999999999998815 7
7.6099999999998813 7
7.6199999999998811 7
7.6299999999998809 7
7.6399999999998807 7
7.6499999999998805 7
7.6599999999998802 7
7.66999999999988 7
7.6799999999998798 7
7.6899999999998796 7
7.6999999999998794 7
7.7099999999998792 7
7.719999999999879 7
7.7299999999998787 7
7.7399999999998785 7
7.7499999999998783 7
7.7599999999998781 7
7.7699999999998779 7
7.7799999999998777 7
7.7899999999998775 7
7.7999999999998773 7
7.809999999999877 7
7.8199999999998768 7
7.8299999999998766 7
7.8399999999998764 7
7.8499999999998762 7
7.859999999999876 7
7.8699999999998758 7
7.8799999999998755 7
7.8899999999998753 7
7.8999999999998751 7
7.9099999999998749 7
7.9199999999998747 7
7.9299999999998745 7
7.9399999999998743 7
7.9499999999998741 7
7.9599999999998738 7
7.9699999999998736 7
7.9799999999998734 7
7.9899999999998732 7
7.999999999999873 7
8.0099999999998737 7
8.0199999999998735 7
8.0299999999998732 7
8.039999999999873 7
8.0499999999998728 7
8.0599999999998726 7
8.0699999999998724 7
8.0799999999998722 7
8.089999999999872 7
8.0999999999998717 7
8.1099999999998715 7
8.1199999999998713 7.14286
8.1299999999998711 7.42857
8.1399999999998709 7.71429
8.1499999999998707 8
8.1599999999998705 8
8.1699999999998703 8
8.17999999999987 8
8.1899999999998698 8.25
8.1999999999998696 8.5
8.2099999999998694 8.75
8.2199999999998692 9
8.229999999999869 9
8.2399999999998688 9
8.2499999999998685 9
8.2599999999998683 9
8.2699999999998681 9
8.2799999999998679 9
8.2899999999998677 9
8.2999999999998675 9
8.3099999999998673 9
8.3199999999998671 9
8.3299999999998668 9
8.3399999999998666 9
8.3499999999998664 9
8.3599999999998662 9
8.369999999999866 9
8.3799999999998658 9
8.3899999999998656 9
8.3999999999998654 9
8.4099999999998651 9
8.4199999999998649 9
8.4299999999998647 9
8.4399999999998645 9
8.4499999999998643 9
8.4599999999998641 9
8.4699999999998639 9
8.4799999999998636 9
8.4899999999998634 9
8.4999999999998632 9
8.509999999999863 9
8.5199999999998628 9
8.5299999999998626 9
8.5399999999998624 9
8.5499999999998622 9
8.5599999999998619 9
8.5699999999998617 9
8.5799999999998615 9
8.5899999999998613 9
8.5999999999998611 9
8.6099999999998609 9
8.6199999999998607 9
8.6299999999998604 9
8.6399999999998602 9
8.64999999999986 9
8.6599999999998598 9
8.6699999999998596 9
8.6799999999998594 9
8.6899999999998592 9
8.699999999999859 9
8.7099999999998587 9
8.7199999999998585 9
8.7299999999998583 9
8.7399999999998581 10
8.7499999999998579 10
8.7599999999998577 10
8.7699999999998575 11
8.7799999999998573 13
8.789999999999857 15
8.7999999999998568 7.14286
8.8099999999998566 7.28571
8.8199999999998564 7.28571
8.8299999999998562 7.28571
8.839999999999856 7.42857
8.8499999999998558 7.71429
8.8599999999998555 7.85714
8.8699999999998553 8
8.8799999999998551 8
8.8899999999998549 8
8.8999999999998547 8
8.9099999999998545 8
8.9199999999998543 8
8.9299999999998541 8
8.9399999999998538 8
8.9499999999998536 8
8.9599999999998534 8
8.9699999999998532 8
8.979999999999853 8
8.9899999999998528 8
8.9999999999998526 8
9.0099999999998523 8
9.0199999999998521 8
9.0299999999998519 8
9.0399999999998517 8
9.0499999999998515 8
9.0599999999998513 8
9.0699999999998511 8
9.0799999999998509 8
9.0899999999998506 8
9.0999999999998504 8
9.1099999999998502 8
9.11999999999985 8
9.1299999999998498 8
9.1399999999998496 8
9.1499999999998494 8
9.1599999999998492 8
9.1699999999998489 8
9.1799999999998487 8
9.1899999999998485 8
9.1999999999998483 8
9.2099999999998481 8
9.2199999999998479 8
9.2299999999998477 8
9.2399999999998474 8
9.2499999999998472 8
9.259999999999847 8
9.2699999999998468 8
9.2799999999998466 8
9.2899999999998464 8
9.2999999999998462 8
9.309999999999846 8
9.3199999999998457 8
9.3299999999998455 8
9.3399999999998453 8
9.3499999999998451 8
9.3599999999998449 8
9.3699999999998447 8
9.3799999999998445 8
9.3899999999998442 8
9.399999999999844 8
9.4099999999998438 8
9.4199999999998436 8
9.4299999999998434 8
9.4399999999998432 8
9.449999999999843 8
9.4599999999998428 8
9.4699999999998425 8
9.4799999999998423 8
9.4899999999998421 8
9.4999999999998419 8
9.5099999999998417 8
9.5199999999998415 8
9.5299999999998413 8
9.5399999999998411 8
9.5499999999998408 8
9.5599999999998406 8
9.5699999999998404 8
9.5799999999998402 10
9.58999999999984 12
9.5999999999998398 13
9.6099999999998396 13
9.6199999999998393 13
9.6299999999998391 13
9.6399999999998389 13
9.6499999999998387 6
9.6599999999998385 6
9.6699999999998383 6
9.6799999999998381 6
9.6899999999998379 6
9.6999999999998376 6
9.7099999999998374 6
9.7199999999998372 6
9.729999999999837 6
9.7399999999998368 6
9.7499999999998366 8
9.7599999999998364 10
9.7699999999998361 10
9.7799999999998359 10
9.7899999999998357 10
9.7999999999998355 10
9.8099999999998353 10
9.8199999999998351 10
9.8299999999998349 5.4
9.8399999999998347 5.6
9.8499999999998344 6
9.8599999999998342 6
9.869999999999834 6
9.8799999999998338 6
9.8899999999998336 6
9.8999999999998334 6
9.9099999999998332 6
9.919999999999833 6
9.9299999999998327 6
9.9399999999998325 6
9.9499999999998323 6
9.9599999999998321 6
9.9699999999998319 6
9.9799999999998317 6
9.9899999999998315 6
9.9999999999998312 6
