0.Color: White
0 1
0.01 1
0.02 1
0.029999999999999999 1
0.040000000000000001 1
0.050000000000000003 1
0.060000000000000005 1
0.070000000000000007 1
0.080000000000000002 1
0.089999999999999997 1
0.099999999999999992 1
0.10999999999999999 1
0.11999999999999998 2
0.12999999999999998 2
0.13999999999999999 2
0.14999999999999999 2
0.16 2
0.17000000000000001 2
0.18000000000000002 2
0.19000000000000003 2
0.20000000000000004 2
0.21000000000000005 2
0.22000000000000006 2
0.23000000000000007 2
0.24000000000000007 4
0.25000000000000006 4
0.26000000000000006 4
0.27000000000000007 4
0.28000000000000008 4
0.29000000000000009 4
0.3000000000000001 4
0.31000000000000011 4
0.32000000000000012 4
0.33000000000000013 4
0.34000000000000014 4
0.35000000000000014 6
0.36000000000000015 8
0.37000000000000016 8
0.38000000000000017 8
0.39000000000000018 8
0.40000000000000019 8
0.4100000000000002 8
0.42000000000000021 8
0.43000000000000022 8
0.44000000000000022 8
0.45000000000000023 8
0.46000000000000024 8
0.47000000000000025 12
0.48000000000000026 16
0.49000000000000027 16
0.50000000000000022 16
0.51000000000000023 16
0.52000000000000024 16
0.53000000000000025 16
0.54000000000000026 16
0.55000000000000027 16
0.56000000000000028 16
0.57000000000000028 16
0.58000000000000029 16
0.5900000000000003 24
0.60000000000000031 31
0.61000000000000032 32
0.62000000000000033 32
0.63000000000000034 32
0.64000000000000035 32
0.65000000000000036 32
0.66000000000000036 32
0.67000000000000037 32
0.68000000000000038 32
0.69000000000000039 32
0.7000000000000004 32
0.71000000000000041 32
0.72000000000000042 16
0.73000000000000043 16
0.74000000000000044 16
0.75000000000000044 16
0.76000000000000045 16
0.77000000000000046 16
0.78000000000000047 16
0.79000000000000048 16
0.80000000000000049 16
0.8100000000000005 16
0.82000000000000051 16
0.83000000000000052 16
0.84000000000000052 16
0.85000000000000053 16
0.86000000000000054 16
0.87000000000000055 16
0.88000000000000056 16
0.89000000000000057 16
0.90000000000000058 16
0.91000000000000059 16
0.9200000000000006 16
0.9300000000000006 16
0.94000000000000061 1
0.95000000000000062 1
0.96000000000000063 1
0.97000000000000064 1
0.98000000000000065 1
0.99000000000000066 1
1.0000000000000007 1
1.0100000000000007 1
1.0200000000000007 1
1.0300000000000007 1
1.0400000000000007 1
1.0500000000000007 2
1.0600000000000007 2
1.0700000000000007 2
1.0800000000000007 2
1.0900000000000007 2
1.1000000000000008 2
1.1100000000000008 2
1.1200000000000008 2
1.1300000000000008 2
1.1400000000000008 2
1.1500000000000008 2
1.1600000000000008 2
1.1700000000000008 3
1.1800000000000008 3
1.1900000000000008 3
1.2000000000000008 3
1.2100000000000009 3
1.2200000000000009 3
1.2300000000000009 3
1.2400000000000009 3
1.2500000000000009 3
1.2600000000000009 3
1.2700000000000009 3
1.2800000000000009 3
1.2900000000000009 7
1.3000000000000009 7
1.3100000000000009 7
1.320000000000001 7
1.330000000000001 7
1.340000000000001 7
1.350000000000001 7
1.360000000000001 7
1.370000000000001 7
1.380000000000001 7
1.390000000000001 7
1.400000000000001 8.72279
1.410000000000001 8.72279
1.420000000000001 8.72279
1.430000000000001 8.72279
1.4400000000000011 8.72279
1.4500000000000011 8.72279
1.4600000000000011 8.72279
1.4700000000000011 8.72279
1.4800000000000011 8.72279
1.4900000000000011 8.72279
1.5000000000000011 8.72279
1.5100000000000011 8.72279
1.5200000000000011 9.60123
1.5300000000000011 9.60123
1.5400000000000011 9.60123
1.5500000000000012 9.60123
1.5600000000000012 9.60123
1.5700000000000012 9.60123
1.5800000000000012 9.60123
1.5900000000000012 9.60123
1.6000000000000012 9.60123
1.6100000000000012 9.60123
1.6200000000000012 9.60123
1.6300000000000012 10.2101
1.6400000000000012 10.5011
1.6500000000000012 10.5011
1.6600000000000013 10.5011
1.6700000000000013 10.5011
1.6800000000000013 10.5011
1.6900000000000013 10.5011
1.7000000000000013 10.5011
1.7100000000000013 10.5011
1.7200000000000013 10.5011
1.7300000000000013 10.5011
1.7400000000000013 10.5011
1.7500000000000013 11.4174
1.7600000000000013 11.4174
1.7700000000000014 11.4174
1.7800000000000014 11.4174
1.7900000000000014 11.4174
1.8000000000000014 11.4174
1.8100000000000014 11.4174
1.8200000000000014 11.4174
1.8300000000000014 11.4174
1.8400000000000014 11.4174
1.8500000000000014 11.4174
1.8600000000000014 11.6782
1.8700000000000014 12.3465
1.8800000000000014 12.3465
1.8900000000000015 12.3465
1.9000000000000015 12.3465
1.9100000000000015 12.3465
1.9200000000000015 12.3465
1.9300000000000015 12.3465
1.9400000000000015 12.3465
1.9500000000000015 12.3465
1.9600000000000015 12.3465
1.9700000000000015 12.3465
1.9800000000000015 13.2857
1.9900000000000015 13.2857
2.0000000000000013 13.2857
2.0100000000000011 13.2857
2.0200000000000009 13.2857
2.0300000000000007 13.2857
2.0400000000000005 13.2857
2.0500000000000003 13.2857
2.0600000000000001 13.2857
2.0699999999999998 13.2857
2.0799999999999996 13.2857
2.0899999999999994 13.2857
2.0999999999999992 14.233
2.109999999999999 14.233
2.1199999999999988 14.233
2.1299999999999986 14.233
2.1399999999999983 14.233
2.1499999999999981 14.233
2.1599999999999979 14.233
2.1699999999999977 14.233
2.1799999999999975 14.233
2.1899999999999973 14.233
2.1999999999999971 14.233
2.2099999999999969 14.9207
2.2199999999999966 15.187
2.2299999999999964 15.187
2.2399999999999962 15.187
2.249999999999996 15.187
2.2599999999999958 15.187
2.2699999999999956 15.187
2.2799999999999954 15.187
2.2899999999999952 15.187
2.2999999999999949 15.187
2.3099999999999947 15.187
2.3199999999999945 15.187
2.3299999999999943 16.1464
2.3399999999999941 16.1464
2.3499999999999939 16.1464
2.3599999999999937 16.1464
2.3699999999999934 16.1464
2.3799999999999932 16.1464
2.389999999999993 16.1464
2.3999999999999928 16.1464
2.4099999999999926 16.1464
2.4199999999999924 16.1464
2.4299999999999922 16.1464
2.439999999999992 16.4537
2.4499999999999917 17.1103
2.4599999999999915 17.1103
2.4699999999999913 17.1103
2.4799999999999911 17.1103
2.4899999999999909 17.1103
2.4999999999999907 17.1103
2.5099999999999905 17.1103
2.5199999999999902 17.1103
2.52999999999999 17.1103
2.5399999999999898 17.1103
2.5499999999999896 17.1103
2.5599999999999894 17.8551
2.5699999999999892 18.0781
2.579999999999989 18.0781
2.5899999999999888 18.0781
2.5999999999999885 18.0781
2.6099999999999883 18.0781
2.6199999999999881 18.0781
2.6299999999999879 18.0781
2.6399999999999877 18.0781
2.6499999999999875 18.0781
2.6599999999999873 18.0781
2.6699999999999871 18.0781
2.6799999999999868 18.6776
2.6899999999999866 19.0492
2.6999999999999864 19.0492
2.7099999999999862 19.0492
2.719999999999986 19.0492
2.7299999999999858 19.0492
2.7399999999999856 19.0492
2.7499999999999853 19.0492
2.7599999999999851 19.0492
2.7699999999999849 19.0492
2.7799999999999847 19.0492
2.7899999999999845 19.0492
2.7999999999999843 19.0492
2.8099999999999841 20.023
2.8199999999999839 20.023
2.8299999999999836 20.023
2.8399999999999834 20.023
2.8499999999999832 20.023
2.859999999999983 20.023
2.8699999999999828 20.023
2.8799999999999826 20.023
2.8899999999999824 20.023
2.8999999999999821 20.023
2.9099999999999819 20.023
2.9199999999999817 20.023
2.9299999999999815 20.023
2.9399999999999813 20.5657
2.9499999999999811 20.9992
2.9599999999999809 20.9992
2.9699999999999807 20.9992
2.9799999999999804 20.9992
2.9899999999999802 20.9992
2.99999999999998 20.9992
3.0099999999999798 20.9992
3.0199999999999796 20.9992
3.0299999999999794 20.9992
3.0399999999999792 20.9992
3.049999999999979 20.9992
3.0599999999999787 20.9992
3.0699999999999785 20.9992
3.0799999999999783 21.2363
3.0899999999999781 10.8513
3.0999999999999779 10.8513
3.1099999999999777 10.8513
3.1199999999999775 10.8513
3.1299999999999772 10.8513
3.139999999999977 10.8513
3.1499999999999768 10.8513
3.1599999999999766 10.8513
3.1699999999999764 10.8513
3.1799999999999762 10.8513
3.189999999999976 10.8513
3.1999999999999758 10.8513
3.2099999999999755 10.8513
3.2199999999999753 10.8513
3.2299999999999751 10.9434
3.2399999999999749 10.9434
3.2499999999999747 10.9434
3.2599999999999745 10.9434
3.2699999999999743 10.9434
3.279999999999974 10.9434
3.2899999999999738 10.9434
3.2999999999999736 10.9434
3.3099999999999734 10.9434
3.3199999999999732 10.9434
3.329999999999973 10.9434
3.3399999999999728 10.9434
3.3499999999999726 10.9434
3.3599999999999723 10.9434
3.3699999999999721 10.9434
3.3799999999999719 10.9434
3.3899999999999717 10.9434
3.3999999999999715 10.9434
3.4099999999999713 10.9434
3.4199999999999711 10.9434
3.4299999999999708 1
3.4399999999999706 1
3.4499999999999704 1
3.4599999999999702 1
3.46999999999997 1
3.4799999999999698 1
3.4899999999999696 1
3.4999999999999694 1
3.5099999999999691 1
3.5199999999999689 1
3.5299999999999687 1
3.5399999999999685 1
3.5499999999999683 2
3.5599999999999681 2
3.5699999999999679 2
3.5799999999999677 2
3.5899999999999674 2
3.5999999999999672 2
3.609999999999967 2
3.6199999999999668 2
3.6299999999999666 2
3.6399999999999664 2
3.6499999999999662 2
3.6599999999999659 3
3.6699999999999657 3
3.6799999999999655 3
3.6899999999999653 3
3.6999999999999651 3
3.7099999999999649 3
3.7199999999999647 3
3.7299999999999645 3
3.7399999999999642 3
3.749999999999964 3
3.7599999999999638 3
3.7699999999999636 3
3.7799999999999634 5.39231
3.7899999999999632 5.39231
3.799999999999963 5.39231
3.8099999999999627 5.39231
3.8199999999999625 5.39231
3.8299999999999623 5.39231
3.8399999999999621 5.39231
3.8499999999999619 5.39231
3.8599999999999617 5.39231
3.8699999999999615 5.39231
3.8799999999999613 5.39231
3.889999999999961 5.39231
3.8999999999999608 6.26331
3.9099999999999606 6.26331
3.9199999999999604 6.26331
3.9299999999999602 6.26331
3.93999999999996 6.26331
3.9499999999999598 6.26331
3.9599999999999596 6.26331
3.9699999999999593 6.26331
3.9799999999999591 6.26331
3.9899999999999589 6.26331
3.9999999999999587 6.26331
4.0099999999999589 7.16696
4.0199999999999587 7.16696
4.0299999999999585 7.16696
4.0399999999999583 7.16696
4.0499999999999581 7.16696
4.0599999999999579 7.16696
4.0699999999999577 7.16696
4.0799999999999574 7.16696
4.0899999999999572 7.16696
4.099999999999957 7.16696
4.1099999999999568 7.16696
4.1199999999999566 7.16696
4.1299999999999564 8.09245
4.1399999999999562 8.09245
4.1499999999999559 8.09245
4.1599999999999557 8.09245
4.1699999999999555 8.09245
4.1799999999999553 8.09245
4.1899999999999551 8.09245
4.1999999999999549 8.09245
4.2099999999999547 8.09245
4.2199999999999545 8.09245
4.2299999999999542 8.09245
4.239999999999954 8.80756
4.2499999999999538 9.03319
4.2599999999999536 9.03319
4.2699999999999534 9.03319
4.2799999999999532 9.03319
4.289999999999953 9.03319
4.2999999999999527 9.03319
4.3099999999999525 9.03319
4.3199999999999523 9.03319
4.3299999999999521 9.03319
4.3399999999999519 9.03319
4.3499999999999517 9.03319
4.3599999999999515 9.98495
4.3699999999999513 9.98495
4.379999999999951 9.98495
4.3899999999999508 9.98495
4.3999999999999506 9.98495
4.4099999999999504 9.98495
4.4199999999999502 9.98495
4.42999999999995 9.98495
4.4399999999999498 9.98495
4.4499999999999496 9.98495
4.4599999999999493 9.98495
4.4699999999999491 10.2825
4.4799999999999489 10.8528
4.4899999999999487 10.8528
4.4999999999999485 10.8528
4.5099999999999483 10.8528
4.5199999999999481 10.8528
4.5299999999999478 10.8528
4.5399999999999476 10.8528
4.5499999999999474 10.8528
4.5599999999999472 10.8528
4.569999999999947 10.8528
4.5799999999999468 10.8528
4.5899999999999466 11.2168
4.5999999999999464 11.7415
4.6099999999999461 11.7415
4.6199999999999459 11.7415
4.6299999999999457 11.7415
4.6399999999999455 11.7415
4.6499999999999453 11.7415
4.6599999999999451 11.7415
4.6699999999999449 11.7415
4.6799999999999446 11.7415
4.6899999999999444 11.7415
4.6999999999999442 11.7415
4.709999999999944 11.9112
4.7199999999999438 12.6466
4.7299999999999436 12.6466
4.7399999999999434 12.6466
4.7499999999999432 12.6466
4.7599999999999429 12.6466
4.7699999999999427 12.6466
4.7799999999999425 12.6466
4.7899999999999423 12.6466
4.7999999999999421 12.6466
4.8099999999999419 12.6466
4.8199999999999417 12.6466
4.8299999999999415 12.6466
4.8399999999999412 13.0371
4.849999999999941 13.5649
4.8599999999999408 13.5649
4.8699999999999406 13.5649
4.8799999999999404 13.5649
4.8899999999999402 13.5649
4.89999999999994 13.5649
4.9099999999999397 13.5649
4.9199999999999395 13.5649
4.9299999999999393 13.5649
4.9399999999999391 13.5649
4.9499999999999389 13.5649
4.9599999999999387 13.5649
4.9699999999999385 13.5649
4.9799999999999383 14.4939
4.989999999999938 14.4939
4.9999999999999378 14.4939
5.0099999999999376 14.4939
5.0199999999999374 14.4939
5.0299999999999372 14.4939
5.039999999999937 14.4939
5.0499999999999368 14.4939
5.0599999999999365 14.4939
5.0699999999999363 14.4939
5.0799999999999361 14.4939
5.0899999999999359 14.4939
5.0999999999999357 14.4939
5.1099999999999355 14.4939
5.1199999999999353 14.8357
5.1299999999999351 15.4317
5.1399999999999348 15.4317
5.1499999999999346 15.4317
5.1599999999999344 15.4317
5.1699999999999342 15.4317
5.179999999999934 15.4317
5.1899999999999338 15.4317
5.1999999999999336 15.4317
5.2099999999999334 15.4317
5.2199999999999331 15.4317
5.2299999999999329 15.4317
5.2399999999999327 15.4317
5.2499999999999325 15.4317
5.2599999999999323 7.97134
5.2699999999999321 7.97134
5.2799999999999319 7.97134
5.2899999999999316 7.97134
5.2999999999999314 7.97134
5.3099999999999312 7.97134
5.319999999999931 7.97134
5.3299999999999308 7.97134
5.3399999999999306 7.97134
5.3499999999999304 7.97134
5.3599999999999302 7.97134
5.3699999999999299 7.97134
5.3799999999999297 8.09678
5.3899999999999295 8.09678
5.3999999999999293 8.09678
5.4099999999999291 8.09678
5.4199999999999289 8.09678
5.4299999999999287 8.09678
5.4399999999999284 8.09678
5.4499999999999282 8.09678
5.459999999999928 8.09678
5.4699999999999278 8.09678
5.4799999999999276 8.09678
5.4899999999999274 8.92502
5.4999999999999272 9.03707
5.509999999999927 9.03707
5.5199999999999267 9.03707
5.5299999999999265 9.03707
5.5399999999999263 9.03707
5.5499999999999261 9.03707
5.5599999999999259 9.03707
5.5699999999999257 9.03707
5.5799999999999255 9.03707
5.5899999999999253 9.03707
5.599999999999925 9.03707
5.6099999999999248 9.98845
5.6199999999999246 9.98845
5.6299999999999244 9.98845
5.6399999999999242 9.98845
5.649999999999924 9.98845
5.6599999999999238 9.98845
5.6699999999999235 9.98845
5.6799999999999233 9.98845
5.6899999999999231 9.98845
5.6999999999999229 9.98845
5.7099999999999227 9.98845
5.7199999999999225 10.3831
5.7299999999999223 10.856
5.7399999999999221 10.856
5.7499999999999218 10.856
5.7599999999999216 10.856
5.7699999999999214 10.856
5.7799999999999212 10.856
5.789999999999921 10.856
5.7999999999999208 10.856
5.8099999999999206 10.856
5.8199999999999203 10.856
5.8299999999999201 10.856
5.8399999999999199 11.7444
5.8499999999999197 11.7444
5.8599999999999195 11.7444
5.8699999999999193 11.7444
5.8799999999999191 11.7444
5.8899999999999189 11.7444
5.8999999999999186 11.7444
5.9099999999999184 11.7444
5.9199999999999182 11.7444
5.929999999999918 11.7444
5.9399999999999178 11.7444
5.9499999999999176 11.8296
5.9599999999999174 12.6494
5.9699999999999172 12.6494
5.9799999999999169 12.6494
5.9899999999999167 12.6494
5.9999999999999165 12.6494
6.0099999999999163 12.6494
6.0199999999999161 12.6494
6.0299999999999159 12.6494
6.0399999999999157 12.6494
6.0499999999999154 12.6494
6.0599999999999152 12.6494
6.069999999999915 13.4934
6.0799999999999148 13.5675
6.0899999999999146 13.5675
6.0999999999999144 13.5675
6.1099999999999142 13.5675
6.119999999999914 13.5675
6.1299999999999137 13.5675
6.1399999999999135 13.5675
6.1499999999999133 13.5675
6.1599999999999131 13.5675
6.1699999999999129 13.5675
6.1799999999999127 13.5675
6.1899999999999125 14.4963
6.1999999999999122 14.4963
6.209999999999912 14.4963
6.2199999999999118 14.4963
6.2299999999999116 14.4963
6.2399999999999114 14.4963
6.2499999999999112 14.4963
6.259999999999911 14.4963
6.2699999999999108 14.4963
6.2799999999999105 14.4963
6.2899999999999103 14.4963
6.2999999999999101 15.0393
6.3099999999999099 15.4339
6.3199999999999097 15.4339
6.3299999999999095 15.4339
6.3399999999999093 15.4339
6.3499999999999091 15.4339
6.3599999999999088 15.4339
6.3699999999999086 15.4339
6.3799999999999084 15.4339
6.3899999999999082 15.4339
6.399999999999908 15.4339
6.4099999999999078 15.4339
6.4199999999999076 16.3788
6.4299999999999073 16.3788
6.4399999999999071 16.3788
6.4499999999999069 16.3788
6.4599999999999067 16.3788
6.4699999999999065 16.3788
6.4799999999999063 16.3788
6.4899999999999061 16.3788
6.4999999999999059 16.3788
6.5099999999999056 16.3788
6.5199999999999054 16.3788
6.5299999999999052 16.3788
6.539999999999905 17.1555
6.5499999999999048 17.3298
6.5599999999999046 17.3298
6.5699999999999044 17.3298
6.5799999999999041 17.3298
6.5899999999999039 17.3298
6.5999999999999037 17.3298
6.6099999999999035 17.3298
6.6199999999999033 17.3298
6.6299999999999031 17.3298
6.6399999999999029 17.3298
6.6499999999999027 17.3298
6.6599999999999024 17.7298
6.6699999999999022 18.2859
6.679999999999902 18.2859
6.6899999999999018 18.2859
6.6999999999999016 18.2859
6.7099999999999014 18.2859
6.7199999999999012 18.2859
6.729999999999901 18.2859
6.7399999999999007 18.2859
6.7499999999999005 18.2859
6.7599999999999003 18.2859
6.7699999999999001 18.2859
6.7799999999998999 18.2859
6.7899999999998997 18.5578
6.7999999999998995 19.2465
6.8099999999998992 19.2465
6.819999999999899 19.2465
6.8299999999998988 19.2465
6.8399999999998986 19.2465
6.8499999999998984 19.2465
6.8599999999998982 19.2465
6.869999999999898 19.2465
6.8799999999998978 19.2465
6.8899999999998975 19.2465
6.8999999999998973 19.2465
6.9099999999998971 19.2465
6.9199999999998969 19.2465
6.9299999999998967 19.7599
6.9399999999998965 20.2108
6.9499999999998963 20.2108
6.959999999999896 20.2108
6.9699999999998958 20.2108
6.9799999999998956 20.2108
6.9899999999998954 20.2108
6.9999999999998952 20.2108
7.009999999999895 20.2108
7.0199999999998948 20.2108
7.0299999999998946 20.2108
7.0399999999998943 20.2108
7.0499999999998941 20.2108
7.0599999999998939 20.2108
7.0699999999998937 20.3589
7.0799999999998935 21.1784
7.0899999999998933 21.1784
7.0999999999998931 21.1784
7.1099999999998929 21.1784
7.1199999999998926 21.1784
7.1299999999998924 21.1784
7.1399999999998922 21.1784
7.149999999999892 21.1784
7.1599999999998918 21.1784
7.1699999999998916 21.1784
7.1799999999998914 21.1784
7.1899999999998911 21.1784
7.1999999999998909 21.1784
7.2099999999998907 10.7067
7.2199999999998905 10.7067
7.2299999999998903 10.7067
7.2399999999998901 10.7067
7.2499999999998899 10.7067
7.2599999999998897 10.7067
7.2699999999998894 10.7067
7.2799999999998892 10.7067
7.289999999999889 10.7067
7.2999999999998888 10.7067
7.3099999999998886 10.7067
7.3199999999998884 10.7067
7.3299999999998882 10.8001
7.3399999999998879 10.8001
7.3499999999998877 10.8001
7.3599999999998875 10.8001
7.3699999999998873 10.8001
7.3799999999998871 10.8001
7.3899999999998869 10.8001
7.3999999999998867 10.8001
7.4099999999998865 10.8001
7.4199999999998862 10.8001
7.429999999999886 10.8001
7.4399999999998858 10.8001
7.4499999999998856 10.8001
7.4599999999998854 10.8001
7.4699999999998852 10.8001
7.479999999999885 10.8001
7.4899999999998847 10.8001
7.4999999999998845 10.8001
7.5099999999998843 10.8001
7.5199999999998841 10.8001
7.5299999999998839 1
7.5399999999998837 1
7.5499999999998835 1
7.5599999999998833 1
7.569999999999883 1
7.5799999999998828 1
7.5899999999998826 1
7.5999999999998824 1
7.6099999999998822 1
7.619999999999882 1
7.6299999999998818 1
7.6399999999998816 2
7.6499999999998813 2
7.6599999999998811 2
7.6699999999998809 2
7.6799999999998807 2
7.6899999999998805 2
7.6999999999998803 2
7.7099999999998801 2
7.7199999999998798 2
7.7299999999998796 2
7.7399999999998794 2
7.7499999999998792 2
7.759999999999879 4
7.7699999999998788 4
7.7799999999998786 4
7.7899999999998784 4
7.7999999999998781 4
7.8099999999998779 4
7.8199999999998777 4
7.8299999999998775 4
7.8399999999998773 4
7.8499999999998771 4
7.8599999999998769 4
7.8699999999998766 4
7.8799999999998764 5.57776
7.8899999999998762 5.57776
7.899999999999876 5.57776
7.9099999999998758 5.57776
7.9199999999998756 5.57776
7.9299999999998754 5.57776
7.9399999999998752 5.57776
7.9499999999998749 5.57776
7.9599999999998747 5.57776
7.9699999999998745 5.57776
7.9799999999998743 5.57776
7.9899999999998741 6.42297
7.9999999999998739 6.42297
8.0099999999998737 6.42297
8.0199999999998735 6.42297
8.0299999999998732 6.42297
8.039999999999873 6.42297
8.0499999999998728 6.42297
8.0599999999998726 6.42297
8.0699999999998724 6.42297
8.0799999999998722 6.42297
8.089999999999872 6.42297
8.0999999999998717 6.42297
8.1099999999998715 7.30649
8.1199999999998713 7.30649
8.1299999999998711 7.30649
8.1399999999998709 7.30649
8.1499999999998707 7.30649
8.1599999999998705 7.30649
8.1699999999998703 7.30649
8.17999999999987 7.30649
8.1899999999998698 7.30649
8.1999999999998696 7.30649
8.2099999999998694 7.30649
8.2199999999998692 7.96694
8.229999999999869 8.21603
8.2399999999998688 8.21603
8.2499999999998685 8.21603
8.2599999999998683 8.21603
8.2699999999998681 8.21603
8.2799999999998679 8.21603
8.2899999999998677 8.21603
8.2999999999998675 8.21603
8.3099999999998673 8.21603
8.3199999999998671 8.21603
8.3299999999998668 8.21603
8.3399999999998666 9.14389
8.3499999999998664 9.14389
8.3599999999998662 9.14389
8.369999999999866 9.14389
8.3799999999998658 9.14389
8.3899999999998656 9.14389
8.3999999999998654 9.14389
8.4099999999998651 9.14389
8.4199999999998649 9.14389
8.4299999999998647 9.14389
8.4399999999998645 9.14389
8.4499999999998643 9.36133
8.4599999999998641 10.0851
8.4699999999998639 10.0851
8.4799999999998636 10.0851
8.4899999999998634 10.0851
8.4999999999998632 10.0851
8.509999999999863 10.0851
8.5199999999998628 10.0851
8.5299999999998626 10.0851
8.5399999999998624 10.0851
8.5499999999998622 10.0851
8.5599999999998619 10.0851
8.5699999999998617 11.0363
8.5799999999998615 11.0363
8.5899999999998613 11.0363
8.5999999999998611 11.0363
8.6099999999998609 11.0363
8.6199999999998607 11.0363
8.6299999999998604 11.0363
8.6399999999998602 11.0363
8.64999999999986 11.0363
8.6599999999998598 11.0363
8.6699999999998596 11.0363
8.6799999999998594 11.0363
8.6899999999998592 11.9951
8.699999999999859 11.9951
8.7099999999998587 11.9951
8.7199999999998585 11.9951
8.7299999999998583 11.9951
8.7399999999998581 11.9951
8.7499999999998579 11.9951
8.7599999999998577 11.9951
8.7699999999998575 11.9951
8.7799999999998573 11.9951
8.789999999999857 11.9951
8.7999999999998568 12.1613
8.8099999999998566 12.8824
8.8199999999998564 12.8824
8.8299999999998562 12.8824
8.839999999999856 12.8824
8.8499999999998558 12.8824
8.8599999999998555 12.8824
8.8699999999998553 12.8824
8.8799999999998551 12.8824
8.8899999999998549 12.8824
8.8999999999998547 12.8824
8.9099999999998545 12.8824
8.9199999999998543 12.8824
8.9299999999998541 13.7849
8.9399999999998538 13.7849
8.9499999999998536 13.7849
8.9599999999998534 13.7849
8.9699999999998532 13.7849
8.979999999999853 13.7849
8.9899999999998528 13.7849
8.9999999999998526 13.7849
9.0099999999998523 13.7849
9.0199999999998521 13.7849
9.0299999999998519 13.7849
9.0399999999998517 13.7849
9.0499999999998515 13.7849
9.0599999999998513 13.8574
9.0699999999998511 14.6999
9.0799999999998509 14.6999
9.0899999999998506 14.6999
9.0999999999998504 14.6999
9.1099999999998502 14.6999
9.11999999999985 14.6999
9.1299999999998498 14.6999
9.1399999999998496 14.6999
9.1499999999998494 14.6999
9.1599999999998492 14.6999
9.1699999999998489 14.6999
9.1799999999998487 14.6999
9.1899999999998485 14.6999
9.1999999999998483 14.6999
9.2099999999998481 7.58484
9.2199999999998479 7.58484
9.2299999999998477 7.58484
9.2399999999998474 7.58484
9.2499999999998472 7.58484
9.259999999999847 7.58484
9.2699999999998468 7.58484
9.2799999999998466 7.58484
9.2899999999998464 7.58484
9.2999999999998462 7.58484
9.309999999999846 7.58484
9.3199999999998457 7.58484
9.3299999999998455 7.58484
9.3399999999998453 7.58484
9.3499999999998451 7.58484
9.3599999999998449 7.71668
9.3699999999998447 7.71668
9.3799999999998445 7.71668
9.3899999999998442 7.71668
9.399999999999844 7.71668
9.4099999999998438 7.71668
9.4199999999998436 7.71668
9.4299999999998434 7.71668
9.4399999999998432 7.71668
9.449999999999843 7.71668
9.4599999999998428 7.71668
9.4699999999998425 8.5822
9.4799999999998423 8.5822
9.4899999999998421 8.5822
9.4999999999998419 8.5822
9.5099999999998417 8.5822
9.5199999999998415 8.5822
9.5299999999998413 8.5822
9.5399999999998411 8.5822
9.5499999999998408 8.5822
9.5599999999998406 8.5822
9.5699999999998404 8.5822
9.5799999999998402 9.03916
9.58999999999984 9.47384
9.5999999999998398 9.47384
9.6099999999998396 9.47384
9.6199999999998393 9.47384
9.6299999999998391 9.47384
9.6399999999998389 9.47384
9.6499999999998387 9.47384
9.6599999999998385 9.47384
9.6699999999998383 9.47384
9.6799999999998381 9.47384
9.6899999999998379 9.47384
9.6999999999998376 10.3849
9.7099999999998374 10.3849
9.7199999999998372 10.3849
9.729999999999837 10.3849
9.7399999999998368 10.3849
9.7499999999998366 10.3849
9.7599999999998364 10.3849
9.7699999999998361 10.3849
9.7799999999998359 10.3849
9.7899999999998357 10.3849
9.7999999999998355 10.3849
9.8099999999998353 10.4812
9.8199999999998351 11.3107
9.8299999999998349 11.3107
9.8399999999998347 11.3107
9.8499999999998344 11.3107
9.8599999999998342 11.3107
9.869999999999834 11.3107
9.8799999999998338 11.3107
9.8899999999998336 11.3107
9.8999999999998334 11.3107
9.9099999999998332 11.3107
9.919999999999833 11.3107
9.9299999999998327 12.2479
9.9399999999998325 12.2479
9.9499999999998323 12.2479
9.9599999999998321 12.2479
9.9699999999998319 12.2479
9.9799999999998317 12.2479
9.9899999999998315 12.2479
9.9999999999998312 12.2479
10.009999999999831 12.2479
10.019999999999831 12.2479
10.029999999999831 12.2479
10.03999999999983 12.2479
10.04999999999983 13.1942
10.05999999999983 13.1942
10.06999999999983 13.1942
10.07999999999983 13.1942
10.089999999999829 13.1942
10.099999999999829 13.1942
10.109999999999829 13.1942
10.119999999999829 13.1942
10.129999999999828 13.1942
10.139999999999828 13.1942
10.149999999999828 13.1942
10.159999999999828 13.7888
10.169999999999828 14.1477
10.179999999999827 14.1477
10.189999999999827 14.1477
10.199999999999827 14.1477
10.209999999999827 14.1477
10.219999999999827 14.1477
10.229999999999826 14.1477
10.239999999999826 14.1477
10.249999999999826 14.1477
10.259999999999826 14.1477
10.269999999999825 14.1477
10.279999999999825 15.107
10.289999999999825 15.107
10.299999999999825 15.107
10.309999999999825 15.107
10.319999999999824 15.107
10.329999999999824 15.107
10.339999999999824 15.107
10.349999999999824 15.107
10.359999999999824 15.107
10.369999999999823 15.107
10.379999999999823 15.107
10.389999999999823 15.4351
10.399999999999823 16.0712
10.409999999999823 16.0712
10.419999999999822 16.0712
10.429999999999822 16.0712
10.439999999999822 16.0712
10.449999999999822 16.0712
10.459999999999821 16.0712
10.469999999999821 16.0712
10.479999999999821 16.0712
10.489999999999821 16.0712
10.499999999999821 16.0712
10.50999999999982 17.0394
10.51999999999982 17.0394
10.52999999999982 17.0394
10.53999999999982 17.0394
10.54999999999982 17.0394
10.559999999999819 17.0394
10.569999999999819 17.0394
10.579999999999819 17.0394
10.589999999999819 17.0394
10.599999999999818 17.0394
10.609999999999818 17.0394
10.619999999999818 17.0394
10.629999999999818 18.0111
10.639999999999818 18.0111
10.649999999999817 18.0111
10.659999999999817 18.0111
10.669999999999817 18.0111
10.679999999999817 18.0111
10.689999999999817 18.0111
10.699999999999816 18.0111
10.709999999999816 18.0111
10.719999999999816 18.0111
10.729999999999816 18.0111
10.739999999999815 18.0666
10.749999999999815 18.9855
10.759999999999815 18.9855
10.769999999999815 18.9855
10.779999999999815 18.9855
10.789999999999814 18.9855
10.799999999999814 18.9855
10.809999999999814 18.9855
10.819999999999814 18.9855
10.829999999999814 18.9855
10.839999999999813 18.9855
10.849999999999813 18.9855
10.859999999999813 18.9855
10.869999999999813 19.4029
10.879999999999812 19.9123
10.889999999999812 19.9123
10.899999999999812 19.9123
10.909999999999812 19.9123
10.919999999999812 19.9123
10.929999999999811 19.9123
10.939999999999811 19.9123
10.949999999999811 19.9123
10.959999999999811 19.9123
10.969999999999811 19.9123
10.97999999999981 19.9123
10.98999999999981 19.9123
10.99999999999981 19.9123
11.00999999999981 20.8457
11.01999999999981 20.8457
11.029999999999809 20.8457
11.039999999999809 20.8457
11.049999999999809 20.8457
11.059999999999809 20.8457
11.069999999999808 20.8457
11.079999999999808 20.8457
11.089999999999808 20.8457
11.099999999999808 20.8457
11.109999999999808 20.8457
11.119999999999807 20.8457
11.129999999999807 20.8457
11.139999999999807 20.8457
11.149999999999807 21.693
11.159999999999807 21.7851
11.169999999999806 21.7851
11.179999999999806 21.7851
11.189999999999806 21.7851
11.199999999999806 21.7851
11.209999999999805 21.7851
11.219999999999805 21.7851
11.229999999999805 21.7851
11.239999999999805 21.7851
11.249999999999805 21.7851
11.259999999999804 21.7851
11.269999999999804 21.7851
11.279999999999804 21.7851
11.289999999999804 22.1496
11.299999999999804 11.2096
11.309999999999803 11.2096
11.319999999999803 11.2096
11.329999999999803 11.2096
11.339999999999803 11.2096
11.349999999999802 11.2096
11.359999999999802 11.2096
11.369999999999802 11.2096
11.379999999999802 11.2096
11.389999999999802 11.2096
11.399999999999801 11.2096
11.409999999999801 11.2988
11.419999999999801 11.2988
11.429999999999801 11.2988
11.439999999999801 11.2988
11.4499999999998 11.2988
11.4599999999998 11.2988
11.4699999999998 11.2988
11.4799999999998 11.2988
11.489999999999799 11.2988
11.499999999999799 11.2988
11.509999999999799 11.2988
11.519999999999799 11.2988
11.529999999999799 12.2369
11.539999999999798 12.2369
11.549999999999798 12.2369
11.559999999999798 12.2369
11.569999999999798 12.2369
11.579999999999798 12.2369
11.589999999999797 12.2369
11.599999999999797 12.2369
11.609999999999797 12.2369
11.619999999999797 12.2369
11.629999999999797 12.2369
11.639999999999796 12.8761
11.649999999999796 13.184
11.659999999999796 13.184
11.669999999999796 13.184
11.679999999999795 13.184
11.689999999999795 13.184
11.699999999999795 13.184
11.709999999999795 13.184
11.719999999999795 13.184
11.729999999999794 13.184
11.739999999999794 13.184
11.749999999999794 13.184
11.759999999999794 14.1381
11.769999999999794 14.1381
11.779999999999793 14.1381
11.789999999999793 14.1381
11.799999999999793 14.1381
11.809999999999793 14.1381
11.819999999999792 14.1381
11.829999999999792 14.1381
11.839999999999792 14.1381
11.849999999999792 14.1381
11.859999999999792 14.1381
11.869999999999791 14.419
11.879999999999791 15.0981
11.889999999999791 15.0981
11.899999999999791 15.0981
11.909999999999791 15.0981
11.91999999999979 15.0981
11.92999999999979 15.0981
11.93999999999979 15.0981
11.94999999999979 15.0981
11.959999999999789 15.0981
11.969999999999789 15.0981
11.979999999999789 15.0981
11.989999999999789 15.8746
11.999999999999789 16.0628
12.009999999999788 16.0628
12.019999999999788 16.0628
12.029999999999788 16.0628
12.039999999999788 16.0628
12.049999999999788 16.0628
12.059999999999787 16.0628
12.069999999999787 16.0628
12.079999999999787 16.0628
12.089999999999787 16.0628
12.099999999999786 16.2489
12.109999999999786 17.0316
12.119999999999786 17.0316
12.129999999999786 17.0316
12.139999999999786 17.0316
12.149999999999785 17.0316
12.159999999999785 17.0316
12.169999999999785 17.0316
12.179999999999785 17.0316
12.189999999999785 17.0316
12.199999999999784 17.0316
12.209999999999784 17.0316
12.219999999999784 17.4384
12.229999999999784 18.0036
12.239999999999783 18.0036
12.249999999999783 18.0036
12.259999999999783 18.0036
12.269999999999783 18.0036
12.279999999999783 18.0036
12.289999999999782 18.0036
12.299999999999782 18.0036
12.309999999999782 18.0036
12.319999999999782 18.0036
12.329999999999782 18.0036
12.339999999999781 18.9256
12.349999999999781 18.9785
12.359999999999781 18.9785
12.369999999999781 18.9785
12.379999999999781 18.9785
12.38999999999978 18.9785
12.39999999999978 18.9785
12.40999999999978 18.9785
12.41999999999978 18.9785
12.429999999999779 18.9785
12.439999999999779 18.9785
12.449999999999779 19.1361
12.459999999999779 19.9055
12.469999999999779 19.9055
12.479999999999778 19.9055
12.489999999999778 19.9055
12.499999999999778 19.9055
12.509999999999778 19.9055
12.519999999999778 19.9055
12.529999999999777 19.9055
12.539999999999777 19.9055
12.549999999999777 19.9055
12.559999999999777 19.9055
12.569999999999776 20.5002
12.579999999999776 20.8393
12.589999999999776 20.8393
12.599999999999776 20.8393
12.609999999999776 20.8393
12.619999999999775 20.8393
12.629999999999775 20.8393
12.639999999999775 20.8393
12.649999999999775 20.8393
12.659999999999775 20.8393
12.669999999999774 20.8393
12.679999999999774 20.9351
12.689999999999774 21.5942
12.699999999999774 21.7789
12.709999999999773 21.7789
12.719999999999773 21.7789
12.729999999999773 21.7789
12.739999999999773 21.7789
12.749999999999773 21.7789
12.759999999999772 21.7789
12.769999999999772 21.7789
12.779999999999772 21.7789
12.789999999999772 21.7789
12.799999999999772 21.8706
12.809999999999771 22.4578
12.819999999999771 22.7236
12.829999999999771 22.7236
12.839999999999771 22.7236
12.84999999999977 22.7236
12.85999999999977 22.7236
12.86999999999977 22.7236
12.87999999999977 22.7236
12.88999999999977 22.7236
12.899999999999769 22.7236
12.909999999999769 22.7236
12.919999999999769 22.7236
12.929999999999769 23.0299
12.939999999999769 23.6728
12.949999999999768 23.6728
12.959999999999768 23.6728
12.969999999999768 23.6728
12.979999999999768 23.6728
12.989999999999768 23.6728
12.999999999999767 23.6728
13.009999999999767 23.6728
13.019999999999767 23.6728
13.029999999999767 23.6728
13.039999999999766 23.6728
13.049999999999766 23.6728
13.059999999999766 23.6728
13.069999999999766 24.1334
13.079999999999766 24.6261
13.089999999999765 24.6261
13.099999999999765 24.6261
13.109999999999765 24.6261
13.119999999999765 24.6261
13.129999999999765 24.6261
13.139999999999764 24.6261
13.149999999999764 24.6261
13.159999999999764 24.6261
13.169999999999764 24.6261
13.179999999999763 24.6261
13.189999999999763 24.6261
13.199999999999763 24.6261
13.209999999999763 24.9891
13.219999999999763 12.6735
13.229999999999762 12.6735
13.239999999999762 12.6735
13.249999999999762 12.6735
13.259999999999762 12.6735
13.269999999999762 12.6735
13.279999999999761 12.6735
13.289999999999761 12.6735
13.299999999999761 12.6735
13.309999999999761 12.6735
13.31999999999976 12.6735
13.32999999999976 12.6735
13.33999999999976 12.6735
13.34999999999976 12.6735
13.35999999999976 12.7524
13.369999999999759 12.7524
13.379999999999759 12.7524
13.389999999999759 12.7524
13.399999999999759 12.7524
13.409999999999759 12.7524
13.419999999999758 12.7524
13.429999999999758 12.7524
13.439999999999758 12.7524
13.449999999999758 12.7524
13.459999999999757 12.7524
13.469999999999757 12.7524
13.479999999999757 12.7524
13.489999999999757 12.7524
13.499999999999757 12.7524
13.509999999999756 12.7524
13.519999999999756 12.7524
13.529999999999756 12.7524
13.539999999999756 12.7524
13.549999999999756 12.7524
13.559999999999755 1
13.569999999999755 1
13.579999999999755 1
13.589999999999755 1
13.599999999999755 1
13.609999999999754 1
13.619999999999754 1
13.629999999999754 1
13.639999999999754 1
13.649999999999753 1
13.659999999999753 1
13.669999999999753 1
13.679999999999753 2
13.689999999999753 2
13.699999999999752 2
13.709999999999752 2
13.719999999999752 2
13.729999999999752 2
13.739999999999752 2
13.749999999999751 2
13.759999999999751 2
13.769999999999751 2
13.779999999999751 2
13.78999999999975 3
13.79999999999975 3
13.80999999999975 3
13.81999999999975 3
13.82999999999975 3
13.839999999999749 3
13.849999999999749 3
13.859999999999749 3
13.869999999999749 3
13.879999999999749 3
13.889999999999748 3
13.899999999999748 3
13.909999999999748 6.16667
13.919999999999748 6.16667
13.929999999999747 6.16667
13.939999999999747 6.16667
13.949999999999747 6.16667
13.959999999999747 6.16667
13.969999999999747 6.16667
13.979999999999746 6.16667
13.989999999999746 6.16667
13.999999999999746 6.16667
14.009999999999746 6.16667
14.019999999999746 6.16667
14.029999999999745 7.08293
14.039999999999745 7.08293
14.049999999999745 7.08293
14.059999999999745 7.08293
14.069999999999744 7.08293
14.079999999999744 7.08293
14.089999999999744 7.08293
14.099999999999744 7.08293
14.109999999999744 7.08293
14.119999999999743 7.08293
14.129999999999743 7.08293
14.139999999999743 8.0183
14.149999999999743 8.0183
14.159999999999743 8.0183
14.169999999999742 8.0183
14.179999999999742 8.0183
14.189999999999742 8.0183
14.199999999999742 8.0183
14.209999999999742 8.0183
14.219999999999741 8.0183
14.229999999999741 8.0183
14.239999999999741 8.0183
14.249999999999741 8.0183
14.25999999999974 8.96692
14.26999999999974 8.96692
14.27999999999974 8.96692
14.28999999999974 8.96692
14.29999999999974 8.96692
14.309999999999739 8.96692
14.319999999999739 8.96692
14.329999999999739 8.96692
14.339999999999739 8.96692
14.349999999999739 8.96692
14.359999999999738 8.96692
14.369999999999738 9.72043
14.379999999999738 9.82331
14.389999999999738 9.82331
14.399999999999737 9.82331
14.409999999999737 9.82331
14.419999999999737 9.82331
14.429999999999737 9.82331
14.439999999999737 9.82331
14.449999999999736 9.82331
14.459999999999736 9.82331
14.469999999999736 9.82331
14.479999999999736 9.82331
14.489999999999736 10.7044
14.499999999999735 10.7044
14.509999999999735 10.7044
14.519999999999735 10.7044
14.529999999999735 10.7044
14.539999999999734 10.7044
14.549999999999734 10.7044
14.559999999999734 10.7044
14.569999999999734 10.7044
14.579999999999734 10.7044
14.589999999999733 10.7044
14.599999999999733 10.7044
14.609999999999733 11.6045
14.619999999999733 11.6045
14.629999999999733 11.6045
14.639999999999732 11.6045
14.649999999999732 11.6045
14.659999999999732 11.6045
14.669999999999732 11.6045
14.679999999999731 11.6045
14.689999999999731 11.6045
14.699999999999731 11.6045
14.709999999999731 11.6045
14.719999999999731 11.6045
14.72999999999973 12.5196
14.73999999999973 12.5196
14.74999999999973 12.5196
14.75999999999973 12.5196
14.76999999999973 12.5196
14.779999999999729 12.5196
14.789999999999729 12.5196
14.799999999999729 12.5196
14.809999999999729 12.5196
14.819999999999729 12.5196
14.829999999999728 12.5196
14.839999999999728 12.5196
14.849999999999728 13.4467
14.859999999999728 13.4467
14.869999999999727 13.4467
14.879999999999727 13.4467
14.889999999999727 13.4467
14.899999999999727 13.4467
14.909999999999727 13.4467
14.919999999999726 13.4467
14.929999999999726 13.4467
14.939999999999726 13.4467
14.949999999999726 13.4467
14.959999999999726 13.4467
14.969999999999725 13.7417
14.979999999999725 14.3833
14.989999999999725 14.3833
14.999999999999725 14.3833
15.009999999999724 14.3833
15.019999999999724 14.3833
15.029999999999724 14.3833
15.039999999999724 14.3833
15.049999999999724 14.3833
15.059999999999723 14.3833
15.069999999999723 14.3833
15.079999999999723 14.3833
15.089999999999723 14.3833
15.099999999999723 14.3833
15.109999999999722 15.3279
15.119999999999722 15.3279
15.129999999999722 15.3279
15.139999999999722 15.3279
15.149999999999721 15.3279
15.159999999999721 15.3279
15.169999999999721 15.3279
15.179999999999721 15.3279
15.189999999999721 15.3279
15.19999999999972 15.3279
15.20999999999972 15.3279
15.21999999999972 15.3279
15.22999999999972 15.3279
15.23999999999972 15.3279
15.249999999999719 16.2789
15.259999999999719 16.2789
15.269999999999719 16.2789
15.279999999999719 16.2789
15.289999999999718 16.2789
15.299999999999718 16.2789
15.309999999999718 16.2789
15.319999999999718 16.2789
15.329999999999718 16.2789
15.339999999999717 16.2789
15.349999999999717 16.2789
15.359999999999717 16.2789
15.369999999999717 16.2789
15.379999999999717 16.2789
15.389999999999716 16.7641
15.399999999999716 8.38203
15.409999999999716 8.38203
15.419999999999716 8.38203
15.429999999999715 8.38203
15.439999999999715 8.38203
15.449999999999715 8.38203
15.459999999999715 8.38203
15.469999999999715 8.38203
15.479999999999714 8.38203
15.489999999999714 8.38203
15.499999999999714 8.38203
15.509999999999714 8.50133
15.519999999999714 8.50133
15.529999999999713 8.50133
15.539999999999713 8.50133
15.549999999999713 8.50133
15.559999999999713 8.50133
15.569999999999713 8.50133
15.579999999999712 8.50133
15.589999999999712 8.50133
15.599999999999712 8.50133
15.609999999999712 8.50133
15.619999999999711 8.84947
15.629999999999711 9.40074
15.639999999999711 9.40074
15.649999999999711 9.40074
15.659999999999711 9.40074
15.66999999999971 9.40074
15.67999999999971 9.40074
15.68999999999971 9.40074
15.69999999999971 9.40074
15.70999999999971 9.40074
15.719999999999709 9.40074
15.729999999999709 9.40074
15.739999999999709 10.3183
15.749999999999709 10.3183
15.759999999999708 10.3183
15.769999999999708 10.3183
15.779999999999708 10.3183
15.789999999999708 10.3183
15.799999999999708 10.3183
15.809999999999707 10.3183
15.819999999999707 10.3183
15.829999999999707 10.3183
15.839999999999707 10.3183
15.849999999999707 10.3183
15.859999999999706 11.2496
15.869999999999706 11.2496
15.879999999999706 11.2496
15.889999999999706 11.2496
15.899999999999705 11.2496
15.909999999999705 11.2496
15.919999999999705 11.2496
15.929999999999705 11.2496
15.939999999999705 11.2496
15.949999999999704 11.2496
15.959999999999704 11.2496
15.969999999999704 12.109
15.979999999999704 12.1916
15.989999999999704 12.1916
15.999999999999703 12.1916
16.009999999999703 12.1916
16.019999999999705 12.1916
16.029999999999706 12.1916
16.039999999999708 12.1916
16.049999999999709 12.1916
16.059999999999711 12.1916
16.069999999999713 12.1916
16.079999999999714 12.1916
16.089999999999716 13.1419
16.099999999999717 13.1419
16.109999999999719 13.1419
16.11999999999972 13.1419
16.129999999999722 13.1419
16.139999999999723 13.1419
16.149999999999725 13.1419
16.159999999999727 13.1419
16.169999999999728 13.1419
16.17999999999973 13.1419
16.189999999999731 13.1419
16.199999999999733 13.2937
16.209999999999734 14.099
16.219999999999736 14.099
16.229999999999738 14.099
16.239999999999739 14.099
16.249999999999741 14.099
16.259999999999742 14.099
16.269999999999744 14.099
16.279999999999745 14.099
16.289999999999747 14.099
16.299999999999748 14.099
16.30999999999975 14.099
16.319999999999752 14.7929
16.329999999999753 15.0614
16.339999999999755 15.0614
16.349999999999756 15.0614
16.359999999999758 15.0614
16.369999999999759 15.0614
16.379999999999761 15.0614
16.389999999999763 15.0614
16.399999999999764 15.0614
16.409999999999766 15.0614
16.419999999999767 15.0614
16.429999999999769 15.0614
16.43999999999977 16.0284
16.449999999999772 16.0284
16.459999999999773 16.0284
16.469999999999775 16.0284
16.479999999999777 16.0284
16.489999999999778 16.0284
16.49999999999978 16.0284
16.509999999999781 16.0284
16.519999999999783 16.0284
16.529999999999784 16.0284
16.539999999999786 16.0284
16.549999999999788 16.2148
16.559999999999789 16.9991
16.569999999999791 16.9991
16.579999999999792 16.9991
16.589999999999794 16.9991
16.599999999999795 16.9991
16.609999999999797 16.9991
16.619999999999798 16.9991
16.6299999999998 16.9991
16.639999999999802 16.9991
16.649999999999803 16.9991
16.659999999999805 16.9991
16.669999999999806 17.7486
16.679999999999808 17.9171
16.689999999999809 17.9171
16.699999999999811 17.9171
16.709999999999813 17.9171
16.719999999999814 17.9171
16.729999999999816 17.9171
16.739999999999817 17.9171
16.749999999999819 17.9171
16.75999999999982 17.9171
16.769999999999822 17.9171
16.779999999999824 17.9171
16.789999999999825 18.7901
16.799999999999827 18.8433
16.809999999999828 18.8433
16.81999999999983 18.8433
16.829999999999831 18.8433
16.839999999999833 18.8433
16.849999999999834 18.8433
16.859999999999836 18.8433
16.869999999999838 18.8433
16.879999999999839 18.8433
16.889999999999841 18.8433
16.899999999999842 18.8433
16.909999999999844 19.3157
16.919999999999845 19.7767
16.929999999999847 19.7767
16.939999999999849 19.7767
16.94999999999985 19.7767
16.959999999999852 19.7767
16.969999999999853 19.7767
16.979999999999855 19.7767
16.989999999999856 19.7767
16.999999999999858 19.7767
17.009999999999859 19.7767
17.019999999999861 19.7767
17.029999999999863 19.7767
17.039999999999864 20.326
17.049999999999866 20.7163
17.059999999999867 20.7163
17.069999999999869 20.7163
17.07999999999987 20.7163
17.089999999999872 20.7163
17.099999999999874 20.7163
17.109999999999875 20.7163
17.119999999999877 20.7163
17.129999999999878 20.7163
17.13999999999988 20.7163
17.149999999999881 20.7163
17.159999999999883 20.7163
17.169999999999884 20.7163
17.179999999999886 21.615
17.189999999999888 21.6613
17.199999999999889 21.6613
17.209999999999891 21.6613
17.219999999999892 21.6613
17.229999999999894 21.6613
17.239999999999895 21.6613
17.249999999999897 21.6613
17.259999999999899 21.6613
17.2699999999999 21.6613
17.279999999999902 21.6613
17.289999999999903 21.6613
17.299999999999905 21.6613
17.309999999999906 21.6613
17.319999999999908 10.8768
17.329999999999909 10.8768
17.339999999999911 10.8768
17.349999999999913 10.8768
17.359999999999914 10.8768
17.369999999999916 10.8768
17.379999999999917 10.8768
17.389999999999919 10.8768
17.39999999999992 10.8768
17.409999999999922 10.8768
17.419999999999924 10.8768
17.429999999999925 10.8768
17.439999999999927 10.8768
17.449999999999928 10.8768
17.45999999999993 11.4172
17.469999999999931 11.4172
17.479999999999933 11.4172
17.489999999999934 11.4172
17.499999999999936 11.4172
17.509999999999938 11.4172
17.519999999999939 11.4172
17.529999999999941 11.4172
17.539999999999942 11.4172
17.549999999999944 11.4172
17.559999999999945 11.4172
17.569999999999947 11.4172
17.579999999999949 12.3463
17.58999999999995 12.3463
17.599999999999952 12.3463
17.609999999999953 12.3463
17.619999999999955 12.3463
17.629999999999956 12.3463
17.639999999999958 12.3463
17.649999999999959 12.3463
17.659999999999961 12.3463
17.669999999999963 12.3463
17.679999999999964 12.3463
17.689999999999966 12.9025
17.699999999999967 13.2855
17.709999999999969 13.2855
17.71999999999997 13.2855
17.729999999999972 13.2855
17.739999999999974 13.2855
17.749999999999975 13.2855
17.759999999999977 13.2855
17.769999999999978 13.2855
17.77999999999998 13.2855
17.789999999999981 13.2855
17.799999999999983 13.2855
17.809999999999985 14.2328
17.819999999999986 14.2328
17.829999999999988 14.2328
17.839999999999989 14.2328
17.849999999999991 14.2328
17.859999999999992 14.2328
17.869999999999994 14.2328
17.879999999999995 14.2328
17.889999999999997 14.2328
17.899999999999999 14.2328
17.91 14.2328
17.920000000000002 14.5118
17.930000000000003 15.1868
17.940000000000005 15.1868
17.950000000000006 15.1868
17.960000000000008 15.1868
17.97000000000001 15.1868
17.980000000000011 15.1868
17.990000000000013 15.1868
18.000000000000014 15.1868
18.010000000000016 15.1868
18.020000000000017 15.1868
18.030000000000019 15.1868
18.04000000000002 16.0216
18.050000000000022 16.1462
18.060000000000024 16.1462
18.070000000000025 16.1462
18.080000000000027 16.1462
18.090000000000028 16.1462
18.10000000000003 16.1462
18.110000000000031 16.1462
18.120000000000033 16.1462
18.130000000000035 16.1462
18.140000000000036 16.1462
18.150000000000038 16.1462
18.160000000000039 17.1102
18.170000000000041 17.1102
18.180000000000042 17.1102
18.190000000000044 17.1102
18.200000000000045 17.1102
18.210000000000047 17.1102
18.220000000000049 17.1102
18.23000000000005 17.1102
18.240000000000052 17.1102
18.250000000000053 17.1102
18.260000000000055 17.1102
18.270000000000056 17.4004
18.280000000000058 18.078
18.29000000000006 18.078
18.300000000000061 18.078
18.310000000000063 18.078
18.320000000000064 18.078
18.330000000000066 18.078
18.340000000000067 18.078
18.350000000000069 18.078
18.36000000000007 18.078
18.370000000000072 18.078
18.380000000000074 18.078
18.390000000000075 18.7843
18.400000000000077 19.049
18.410000000000078 19.049
18.42000000000008 19.049
18.430000000000081 19.049
18.440000000000083 19.049
18.450000000000085 19.049
18.460000000000086 19.049
18.470000000000088 19.049
18.480000000000089 19.049
18.490000000000091 19.049
18.500000000000092 19.049
18.510000000000094 20.0229
18.520000000000095 20.0229
18.530000000000097 20.0229
18.540000000000099 20.0229
18.5500000000001 20.0229
18.560000000000102 20.0229
18.570000000000103 20.0229
18.580000000000105 20.0229
18.590000000000106 20.0229
18.600000000000108 20.0229
18.61000000000011 20.0229
18.620000000000111 20.3207
18.630000000000113 20.9991
18.640000000000114 20.9991
18.650000000000116 20.9991
18.660000000000117 20.9991
18.670000000000119 20.9991
18.680000000000121 20.9991
18.690000000000122 20.9991
18.700000000000124 20.9991
18.710000000000125 20.9991
18.720000000000127 20.9991
18.730000000000128 20.9991
18.74000000000013 21.7024
18.750000000000131 21.9319
18.760000000000133 21.9319
18.770000000000135 21.9319
18.780000000000136 21.9319
18.790000000000138 21.9319
18.800000000000139 21.9319
18.810000000000141 21.9319
18.820000000000142 21.9319
18.830000000000144 21.9319
18.840000000000146 21.9319
18.850000000000147 21.9319
18.860000000000149 22.3836
18.87000000000015 22.8703
18.880000000000152 22.8703
18.890000000000153 22.8703
18.900000000000155 22.8703
18.910000000000156 22.8703
18.920000000000158 22.8703
18.93000000000016 22.8703
18.940000000000161 22.8703
18.950000000000163 22.8703
18.960000000000164 22.8703
18.970000000000166 22.8703
18.980000000000167 22.8703
18.990000000000169 23.3896
19.000000000000171 23.8136
19.010000000000172 23.8136
19.020000000000174 23.8136
19.030000000000175 23.8136
19.040000000000177 23.8136
19.050000000000178 23.8136
19.06000000000018 23.8136
19.070000000000181 23.8136
19.080000000000183 23.8136
19.090000000000185 23.8136
19.100000000000186 23.8136
19.110000000000188 23.8136
19.120000000000189 23.8136
19.130000000000191 24.5177
19.140000000000192 24.7614
19.150000000000194 24.7614
19.160000000000196 24.7614
19.170000000000197 24.7614
19.180000000000199 24.7614
19.1900000000002 24.7614
19.200000000000202 24.7614
19.210000000000203 24.7614
19.220000000000205 24.7614
19.230000000000206 24.7614
19.240000000000208 24.7614
19.25000000000021 24.7614
19.260000000000211 24.7614
19.270000000000213 24.9627
19.280000000000214 12.4813
19.290000000000216 12.4813
19.300000000000217 12.4813
19.310000000000219 12.4813
19.320000000000221 12.4813
19.330000000000222 12.4813
19.340000000000224 12.4813
19.350000000000225 12.4813
19.360000000000227 12.4813
19.370000000000228 12.4813
19.38000000000023 12.4813
19.390000000000231 12.4813
19.400000000000233 12.4813
19.410000000000235 12.7202
19.420000000000236 12.7202
19.430000000000238 12.7202
19.440000000000239 12.7202
19.450000000000241 12.7202
19.460000000000242 12.7202
19.470000000000244 12.7202
19.480000000000246 12.7202
19.490000000000247 12.7202
19.500000000000249 12.7202
19.51000000000025 12.7202
19.520000000000252 6.36009
19.530000000000253 6.36009
19.540000000000255 6.36009
19.550000000000257 6.36009
19.560000000000258 6.36009
19.57000000000026 6.36009
19.580000000000261 6.36009
19.590000000000263 6.36009
19.600000000000264 6.36009
19.610000000000266 6.36009
19.620000000000267 6.36009
19.630000000000269 6.36009
19.640000000000271 6.96728
19.650000000000272 7.11081
19.660000000000274 7.11081
19.670000000000275 7.11081
19.680000000000277 7.11081
19.690000000000278 7.11081
19.70000000000028 7.11081
19.710000000000282 7.11081
19.720000000000283 7.11081
19.730000000000285 7.11081
19.740000000000286 7.11081
19.750000000000288 7.38934
19.760000000000289 8.04288
19.770000000000291 8.04288
19.780000000000292 8.04288
19.790000000000294 8.04288
19.800000000000296 8.04288
19.810000000000297 8.04288
19.820000000000299 8.04288
19.8300000000003 8.04288
19.840000000000302 8.04288
19.850000000000303 8.04288
19.860000000000305 8.04288
19.870000000000307 8.28965
19.880000000000308 8.98887
19.89000000000031 8.98887
19.900000000000311 8.98887
19.910000000000313 8.98887
19.920000000000314 8.98887
19.930000000000316 8.98887
19.940000000000317 8.98887
19.950000000000319 8.98887
19.960000000000321 8.98887
19.970000000000322 8.98887
19.980000000000324 8.98887
19.990000000000325 9.84333
